      0/49     8.43G   0.07615   0.03053   0.01975    0.1264       153       416   0.02146   0.06298   0.00733   0.00156    0.1003   0.06597   0.02162
      1/49     8.41G   0.06699   0.03771    0.0139    0.1186       164       416    0.1533     0.169   0.09231   0.02203   0.09154    0.0669   0.01843
      2/49     8.42G   0.05781   0.03819  0.009858    0.1059       169       416     0.516    0.3894    0.1709   0.04916      0.09   0.06011   0.01726
      3/49     8.42G   0.05096    0.0363  0.008367   0.09563       176       416    0.7105    0.4116    0.4485    0.1769   0.08392   0.06059   0.01778
      4/49     8.42G   0.04838    0.0346  0.006923   0.08991       133       416    0.8072    0.4758    0.6451     0.228   0.08122   0.06134   0.01694
      5/49     8.42G   0.04543   0.03415  0.005422   0.08501       202       416    0.6332    0.7858    0.7645    0.4042   0.07301   0.06458   0.01563
      6/49     8.42G   0.04337   0.03305  0.004305   0.08073       158       416    0.5183    0.7865    0.6723    0.2721   0.07617   0.06596   0.01445
      7/49     8.42G   0.04203    0.0336  0.003201   0.07883       216       416    0.6851    0.7462    0.7316     0.344   0.07435   0.06744   0.01423
      8/49     8.42G   0.03951   0.03337  0.002652   0.07553       145       416    0.6079     0.891    0.8334    0.4775   0.06552   0.06787   0.01405
      9/49     8.42G    0.0377   0.03351  0.002215   0.07342       123       416    0.8035    0.8954    0.8602     0.408   0.06621   0.06869   0.01384
     10/49     8.42G   0.03583   0.03318  0.001879   0.07089       207       416    0.8395    0.8601    0.8857    0.5336   0.06382   0.06875   0.01345
     11/49     8.42G   0.03453   0.03209  0.001705   0.06832       140       416    0.8006      0.92    0.8892    0.5576   0.06145   0.07093   0.01334
     12/49     8.42G   0.03327    0.0332   0.00153     0.068       201       416    0.7975    0.9022    0.9016    0.5287   0.06284   0.06997   0.01294
     13/49     8.42G   0.03278   0.03231  0.001408    0.0665       182       416    0.4335    0.4056    0.3608    0.1283   0.08386   0.09672   0.01464
     14/49     8.42G   0.03961   0.03364  0.001683   0.07494       195       416    0.7588    0.8706    0.8512    0.4521   0.06337    0.0707   0.01278
     15/49     8.42G   0.03489    0.0321  0.001609    0.0686       156       416    0.7863    0.9292    0.8859    0.4978   0.06046   0.07135   0.01243
     16/49     8.42G    0.0325   0.03045  0.001369   0.06431       187       416    0.8593     0.889    0.9049    0.5462   0.06014   0.07215   0.01217
     17/49     8.42G    0.0317   0.03148  0.001253   0.06443       164       416    0.8466    0.8585    0.8877    0.5191   0.06053   0.07562   0.01254
     18/49     8.42G   0.03093    0.0307  0.001114   0.06275       228       416    0.8112    0.9034    0.9031    0.5557   0.06057     0.073    0.0116
     19/49     8.42G   0.03035   0.02999   0.00107    0.0614       161       416    0.8163    0.9048    0.9013    0.6039   0.05687   0.07377   0.01132
     20/49     8.42G   0.02815   0.03015 0.0009724   0.05928       156       416    0.8114    0.9152    0.8939    0.5934    0.0573   0.07625   0.01103
     21/49     8.42G   0.02767   0.03099 0.0008688   0.05953       178       416     0.835    0.8782    0.8998    0.5944   0.05652   0.08029   0.01105
     22/49     8.42G   0.02789   0.03054 0.0007922   0.05922       207       416    0.8301    0.9175    0.9098    0.6093    0.0575    0.0771   0.01064
     23/49     8.42G   0.02702   0.02895 0.0007829   0.05675       190       416    0.8468    0.8847    0.9017    0.5985   0.05634   0.07651   0.01055
     24/49     8.42G   0.02664   0.02926 0.0006773   0.05659       135       416    0.8368    0.8755    0.8912    0.5851   0.05572   0.07847   0.01032
     25/49     8.42G   0.02639   0.02921 0.0006538   0.05626       147       416    0.8463    0.8958    0.9045    0.5968   0.05457   0.08379   0.01024
     26/49     8.42G   0.02694   0.03052 0.0006132   0.05807       225       416    0.8283    0.9147    0.9028    0.6201     0.054    0.0809   0.01033
     27/49     8.42G   0.02571   0.02938 0.0006172    0.0557       189       416    0.8291    0.8827    0.8874    0.6047   0.05438   0.08365   0.01034
     28/49     8.42G   0.02528   0.03007   0.00054   0.05589       259       416    0.8183    0.9428    0.9141    0.6179   0.05386   0.08314  0.009962
     29/49     8.42G   0.02537   0.02935 0.0004971   0.05522       258       416    0.8134    0.8796    0.8886    0.6062   0.05482    0.0833  0.009967
     30/49     8.42G   0.02447   0.02859 0.0005067   0.05357       155       416    0.8206    0.9397    0.9141    0.6176   0.05425    0.0837  0.009738
     31/49     8.42G   0.02451   0.02846 0.0004666   0.05343       192       416    0.8156    0.8895    0.8915     0.598   0.05405   0.08697   0.01005
     32/49     8.42G   0.02415   0.02862 0.0004814   0.05325       248       416    0.8643    0.8847    0.9103     0.619   0.05366   0.08581  0.009714
     33/49     8.42G    0.0237   0.02849  0.000423   0.05261       175       416    0.8194     0.919    0.9074    0.6012   0.05361   0.08902   0.00972
     34/49     8.42G   0.02391   0.02716 0.0004049   0.05147       175       416    0.8125    0.9198    0.9008    0.6137   0.05411   0.08694   0.00949
     35/49     8.42G   0.02369   0.02795 0.0003783   0.05202       193       416    0.8083    0.9256    0.9002    0.6047   0.05364   0.08826  0.009242
     36/49     8.42G   0.02315   0.02695 0.0003867   0.05049       209       416    0.8341    0.9197    0.9064    0.6194   0.05291   0.08921   0.00944
     37/49     8.42G   0.02291   0.02674 0.0003581   0.05001       198       416    0.8381    0.8838    0.8891    0.5975   0.05309   0.09059  0.009151
     38/49     8.42G   0.02289   0.02719 0.0003393   0.05042       215       416    0.8467    0.8848    0.9023    0.6038   0.05345   0.09281  0.009439
     39/49     8.42G   0.02283   0.02599 0.0003129   0.04914       164       416    0.8141    0.9048    0.9028     0.616   0.05239    0.0932   0.00925
     40/49     8.42G   0.02292   0.02624 0.0003205   0.04948       177       416    0.8392    0.9165    0.9093     0.624   0.05199   0.09337  0.009401
     41/49     8.42G   0.02221   0.02719 0.0002885   0.04969       169       416    0.8241    0.9151    0.9027    0.6102   0.05125    0.0962  0.009151
     42/49     8.42G   0.02215    0.0267 0.0002913   0.04914       201       416    0.8575    0.8873    0.9078      0.62   0.05091   0.09523  0.009214
     43/49     8.42G   0.02185   0.02633 0.0002646   0.04845       206       416     0.839    0.8997    0.9067    0.6226   0.05134   0.09544   0.00923
     44/49     8.42G   0.02203   0.02584 0.0002835   0.04815       169       416     0.823    0.9043    0.9098    0.6195   0.05143   0.09656  0.009144
     45/49     8.42G   0.02208   0.02588 0.0002797   0.04824       189       416    0.8211    0.8949       0.9     0.613   0.05118   0.09589  0.009128
     46/49     8.42G   0.02217   0.02577 0.0002783   0.04822       192       416    0.8141    0.9223     0.908    0.6131   0.05045   0.09701  0.009106
     47/49     8.42G   0.02189   0.02545 0.0002896   0.04763       196       416    0.8794    0.8422    0.9077    0.6118   0.05041   0.09909  0.009033
     48/49     8.42G   0.02178    0.0258 0.0002299   0.04781       218       416    0.8349    0.8901    0.8983    0.6005   0.05031   0.09843   0.00921
     49/49     8.42G   0.02158   0.02486 0.0002751   0.04671       242       416    0.8522    0.8756    0.9059    0.6097   0.05015    0.1002  0.009063
